{"cells":[{"cell_type":"markdown","metadata":{"id":"RfOcPjB5LeQA"},"source":["# SEL634 - Laboratório de Robôs Manipuladores\n","\n","## Inicialização da biblioteca\n","\n","Carregar a biblioteca de robótica para Python:"]},{"cell_type":"code","execution_count":2,"metadata":{"id":"byi8G6BxLXK7","colab":{"base_uri":"https://localhost:8080/","height":1000},"executionInfo":{"status":"ok","timestamp":1652203584107,"user_tz":180,"elapsed":40084,"user":{"displayName":"Leonardo Jose Ribeiro Baptistella","userId":"09035044719228014495"}},"outputId":"decf78b8-7405-4288-fe0a-101aefeda52d"},"outputs":[{"output_type":"stream","name":"stdout","text":["Collecting roboticstoolbox-python\n","  Downloading roboticstoolbox_python-0.11.0-cp37-cp37m-manylinux_2_5_x86_64.manylinux1_x86_64.manylinux_2_12_x86_64.manylinux2010_x86_64.whl (497 kB)\n","\u001b[?25l\r\u001b[K     |▋                               | 10 kB 15.1 MB/s eta 0:00:01\r\u001b[K     |█▎                              | 20 kB 21.2 MB/s eta 0:00:01\r\u001b[K     |██                              | 30 kB 20.9 MB/s eta 0:00:01\r\u001b[K     |██▋                             | 40 kB 8.2 MB/s eta 0:00:01\r\u001b[K     |███▎                            | 51 kB 6.2 MB/s eta 0:00:01\r\u001b[K     |████                            | 61 kB 7.2 MB/s eta 0:00:01\r\u001b[K     |████▋                           | 71 kB 8.1 MB/s eta 0:00:01\r\u001b[K     |█████▎                          | 81 kB 7.0 MB/s eta 0:00:01\r\u001b[K     |██████                          | 92 kB 7.7 MB/s eta 0:00:01\r\u001b[K     |██████▋                         | 102 kB 8.5 MB/s eta 0:00:01\r\u001b[K     |███████▎                        | 112 kB 8.5 MB/s eta 0:00:01\r\u001b[K     |████████                        | 122 kB 8.5 MB/s eta 0:00:01\r\u001b[K     |████████▋                       | 133 kB 8.5 MB/s eta 0:00:01\r\u001b[K     |█████████▏                      | 143 kB 8.5 MB/s eta 0:00:01\r\u001b[K     |█████████▉                      | 153 kB 8.5 MB/s eta 0:00:01\r\u001b[K     |██████████▌                     | 163 kB 8.5 MB/s eta 0:00:01\r\u001b[K     |███████████▏                    | 174 kB 8.5 MB/s eta 0:00:01\r\u001b[K     |███████████▉                    | 184 kB 8.5 MB/s eta 0:00:01\r\u001b[K     |████████████▌                   | 194 kB 8.5 MB/s eta 0:00:01\r\u001b[K     |█████████████▏                  | 204 kB 8.5 MB/s eta 0:00:01\r\u001b[K     |█████████████▉                  | 215 kB 8.5 MB/s eta 0:00:01\r\u001b[K     |██████████████▌                 | 225 kB 8.5 MB/s eta 0:00:01\r\u001b[K     |███████████████▏                | 235 kB 8.5 MB/s eta 0:00:01\r\u001b[K     |███████████████▉                | 245 kB 8.5 MB/s eta 0:00:01\r\u001b[K     |████████████████▌               | 256 kB 8.5 MB/s eta 0:00:01\r\u001b[K     |█████████████████▏              | 266 kB 8.5 MB/s eta 0:00:01\r\u001b[K     |█████████████████▊              | 276 kB 8.5 MB/s eta 0:00:01\r\u001b[K     |██████████████████▍             | 286 kB 8.5 MB/s eta 0:00:01\r\u001b[K     |███████████████████             | 296 kB 8.5 MB/s eta 0:00:01\r\u001b[K     |███████████████████▊            | 307 kB 8.5 MB/s eta 0:00:01\r\u001b[K     |████████████████████▍           | 317 kB 8.5 MB/s eta 0:00:01\r\u001b[K     |█████████████████████           | 327 kB 8.5 MB/s eta 0:00:01\r\u001b[K     |█████████████████████▊          | 337 kB 8.5 MB/s eta 0:00:01\r\u001b[K     |██████████████████████▍         | 348 kB 8.5 MB/s eta 0:00:01\r\u001b[K     |███████████████████████         | 358 kB 8.5 MB/s eta 0:00:01\r\u001b[K     |███████████████████████▊        | 368 kB 8.5 MB/s eta 0:00:01\r\u001b[K     |████████████████████████▍       | 378 kB 8.5 MB/s eta 0:00:01\r\u001b[K     |█████████████████████████       | 389 kB 8.5 MB/s eta 0:00:01\r\u001b[K     |█████████████████████████▊      | 399 kB 8.5 MB/s eta 0:00:01\r\u001b[K     |██████████████████████████▍     | 409 kB 8.5 MB/s eta 0:00:01\r\u001b[K     |███████████████████████████     | 419 kB 8.5 MB/s eta 0:00:01\r\u001b[K     |███████████████████████████▋    | 430 kB 8.5 MB/s eta 0:00:01\r\u001b[K     |████████████████████████████▎   | 440 kB 8.5 MB/s eta 0:00:01\r\u001b[K     |█████████████████████████████   | 450 kB 8.5 MB/s eta 0:00:01\r\u001b[K     |█████████████████████████████▋  | 460 kB 8.5 MB/s eta 0:00:01\r\u001b[K     |██████████████████████████████▎ | 471 kB 8.5 MB/s eta 0:00:01\r\u001b[K     |███████████████████████████████ | 481 kB 8.5 MB/s eta 0:00:01\r\u001b[K     |███████████████████████████████▋| 491 kB 8.5 MB/s eta 0:00:01\r\u001b[K     |████████████████████████████████| 497 kB 8.5 MB/s \n","\u001b[?25hRequirement already satisfied: numpy>=1.18.0 in /usr/local/lib/python3.7/dist-packages (from roboticstoolbox-python) (1.21.6)\n","Collecting qpsolvers\n","  Downloading qpsolvers-1.9.1-py3-none-any.whl (40 kB)\n","\u001b[K     |████████████████████████████████| 40 kB 4.7 MB/s \n","\u001b[?25hCollecting pgraph-python\n","  Downloading pgraph-python-0.6.1.tar.gz (16 kB)\n","Collecting rtb-data\n","  Downloading rtb_data-0.10.1-py3-none-any.whl (93.7 MB)\n","\u001b[K     |████████████████████████████████| 93.7 MB 39 kB/s \n","\u001b[?25hRequirement already satisfied: matplotlib in /usr/local/lib/python3.7/dist-packages (from roboticstoolbox-python) (3.2.2)\n","Collecting swift-sim>=0.10.0\n","  Downloading swift_sim-0.10.0-cp37-cp37m-manylinux_2_5_x86_64.manylinux1_x86_64.manylinux_2_12_x86_64.manylinux2010_x86_64.whl (5.7 MB)\n","\u001b[K     |████████████████████████████████| 5.7 MB 37.2 MB/s \n","\u001b[?25hCollecting spatialmath-python>=0.11\n","  Downloading spatialmath-python-0.11.tar.gz (162 kB)\n","\u001b[K     |████████████████████████████████| 162 kB 51.2 MB/s \n","\u001b[?25hCollecting spatialgeometry>=0.2.0\n","  Downloading spatialgeometry-0.2.0-py3-none-any.whl (11 kB)\n","Requirement already satisfied: scipy in /usr/local/lib/python3.7/dist-packages (from roboticstoolbox-python) (1.4.1)\n","Collecting ansitable\n","  Downloading ansitable-0.9.6.tar.gz (17 kB)\n","Collecting progress\n","  Downloading progress-1.6.tar.gz (7.8 kB)\n","Collecting colored\n","  Downloading colored-1.4.3.tar.gz (29 kB)\n","Collecting sphinxcontrib-jsmath\n","  Downloading sphinxcontrib_jsmath-1.0.1-py2.py3-none-any.whl (5.1 kB)\n","Collecting websockets\n","  Downloading websockets-10.3-cp37-cp37m-manylinux_2_5_x86_64.manylinux1_x86_64.manylinux_2_12_x86_64.manylinux2010_x86_64.whl (112 kB)\n","\u001b[K     |████████████████████████████████| 112 kB 54.3 MB/s \n","\u001b[?25hRequirement already satisfied: kiwisolver>=1.0.1 in /usr/local/lib/python3.7/dist-packages (from matplotlib->roboticstoolbox-python) (1.4.2)\n","Requirement already satisfied: cycler>=0.10 in /usr/local/lib/python3.7/dist-packages (from matplotlib->roboticstoolbox-python) (0.11.0)\n","Requirement already satisfied: pyparsing!=2.0.4,!=2.1.2,!=2.1.6,>=2.0.1 in /usr/local/lib/python3.7/dist-packages (from matplotlib->roboticstoolbox-python) (3.0.8)\n","Requirement already satisfied: python-dateutil>=2.1 in /usr/local/lib/python3.7/dist-packages (from matplotlib->roboticstoolbox-python) (2.8.2)\n","Requirement already satisfied: typing-extensions in /usr/local/lib/python3.7/dist-packages (from kiwisolver>=1.0.1->matplotlib->roboticstoolbox-python) (4.2.0)\n","Requirement already satisfied: six>=1.5 in /usr/local/lib/python3.7/dist-packages (from python-dateutil>=2.1->matplotlib->roboticstoolbox-python) (1.15.0)\n","Collecting quadprog>=0.1.8\n","  Downloading quadprog-0.1.11.tar.gz (121 kB)\n","\u001b[K     |████████████████████████████████| 121 kB 58.6 MB/s \n","\u001b[?25h  Installing build dependencies ... \u001b[?25l\u001b[?25hdone\n","  Getting requirements to build wheel ... \u001b[?25l\u001b[?25hdone\n","    Preparing wheel metadata ... \u001b[?25l\u001b[?25hdone\n","Building wheels for collected packages: spatialmath-python, ansitable, colored, pgraph-python, progress, quadprog\n","  Building wheel for spatialmath-python (setup.py) ... \u001b[?25l\u001b[?25hdone\n","  Created wheel for spatialmath-python: filename=spatialmath_python-0.11-py3-none-any.whl size=174332 sha256=d0149a7f99f06506f8c3e9409d6569d84d805998c39a220652a813de45b72813\n","  Stored in directory: /root/.cache/pip/wheels/08/10/77/0442f623dc37f46361d78c136f79aaf22c30b5c493c0b120b5\n","  Building wheel for ansitable (setup.py) ... \u001b[?25l\u001b[?25hdone\n","  Created wheel for ansitable: filename=ansitable-0.9.6-py3-none-any.whl size=12621 sha256=812630d4d609c56639ef69170d35c42982d426cc8d904d8b078e04e5037b962a\n","  Stored in directory: /root/.cache/pip/wheels/57/a4/a9/84ed983596f261a978c880aba60eba145e76aa5a59e455f189\n","  Building wheel for colored (setup.py) ... \u001b[?25l\u001b[?25hdone\n","  Created wheel for colored: filename=colored-1.4.3-py3-none-any.whl size=14342 sha256=b75020c90ff8a978053adf58ffb48a4d0b8087853ffebc19097b98727c511c02\n","  Stored in directory: /root/.cache/pip/wheels/4a/f6/00/835e81851bc345428a253721c8bdad0062721dfb861bc6e752\n","  Building wheel for pgraph-python (setup.py) ... \u001b[?25l\u001b[?25hdone\n","  Created wheel for pgraph-python: filename=pgraph_python-0.6.1-py3-none-any.whl size=11482 sha256=bdbd4763f1c202a96c4badfb138560e87cf81b12a03470687b23f4a973d0bb78\n","  Stored in directory: /root/.cache/pip/wheels/0c/96/4a/6802f53d94902fa9431fe1d0ca769f5da8faee8894188c1fd5\n","  Building wheel for progress (setup.py) ... \u001b[?25l\u001b[?25hdone\n","  Created wheel for progress: filename=progress-1.6-py3-none-any.whl size=9632 sha256=9f5a7f2e238a67fa2f07af2168dce9f9865ad426937e0eb5b27104e98782b04e\n","  Stored in directory: /root/.cache/pip/wheels/8e/d7/61/498d8e27dc11e9805b01eb3539e2ee344436fc226daeb5fe87\n","  Building wheel for quadprog (PEP 517) ... \u001b[?25l\u001b[?25hdone\n","  Created wheel for quadprog: filename=quadprog-0.1.11-cp37-cp37m-linux_x86_64.whl size=290746 sha256=ba434d46f57a991e88ebaec5d60e4ac01495f4886887aa49c57c59ddf9f88bfa\n","  Stored in directory: /root/.cache/pip/wheels/4a/4e/d7/41034ea11aeef1266df3cae546116cb6094e955c41ae3e2589\n","Successfully built spatialmath-python ansitable colored pgraph-python progress quadprog\n","Installing collected packages: colored, sphinxcontrib-jsmath, ansitable, spatialmath-python, websockets, spatialgeometry, quadprog, swift-sim, rtb-data, qpsolvers, progress, pgraph-python, roboticstoolbox-python\n","Successfully installed ansitable-0.9.6 colored-1.4.3 pgraph-python-0.6.1 progress-1.6 qpsolvers-1.9.1 quadprog-0.1.11 roboticstoolbox-python-0.11.0 rtb-data-0.10.1 spatialgeometry-0.2.0 spatialmath-python-0.11 sphinxcontrib-jsmath-1.0.1 swift-sim-0.10.0 websockets-10.3\n"]},{"output_type":"display_data","data":{"application/vnd.colab-display-data+json":{"pip_warning":{"packages":["sphinxcontrib"]}}},"metadata":{}},{"output_type":"stream","name":"stdout","text":["Requirement already satisfied: spatialmath-python in /usr/local/lib/python3.7/dist-packages (0.11)\n","Requirement already satisfied: numpy in /usr/local/lib/python3.7/dist-packages (from spatialmath-python) (1.21.6)\n","Requirement already satisfied: matplotlib in /usr/local/lib/python3.7/dist-packages (from spatialmath-python) (3.2.2)\n","Requirement already satisfied: ansitable in /usr/local/lib/python3.7/dist-packages (from spatialmath-python) (0.9.6)\n","Requirement already satisfied: scipy in /usr/local/lib/python3.7/dist-packages (from spatialmath-python) (1.4.1)\n","Requirement already satisfied: colored in /usr/local/lib/python3.7/dist-packages (from spatialmath-python) (1.4.3)\n","Requirement already satisfied: sphinxcontrib-jsmath in /usr/local/lib/python3.7/dist-packages (from spatialmath-python) (1.0.1)\n","Requirement already satisfied: kiwisolver>=1.0.1 in /usr/local/lib/python3.7/dist-packages (from matplotlib->spatialmath-python) (1.4.2)\n","Requirement already satisfied: cycler>=0.10 in /usr/local/lib/python3.7/dist-packages (from matplotlib->spatialmath-python) (0.11.0)\n","Requirement already satisfied: pyparsing!=2.0.4,!=2.1.2,!=2.1.6,>=2.0.1 in /usr/local/lib/python3.7/dist-packages (from matplotlib->spatialmath-python) (3.0.8)\n","Requirement already satisfied: python-dateutil>=2.1 in /usr/local/lib/python3.7/dist-packages (from matplotlib->spatialmath-python) (2.8.2)\n","Requirement already satisfied: typing-extensions in /usr/local/lib/python3.7/dist-packages (from kiwisolver>=1.0.1->matplotlib->spatialmath-python) (4.2.0)\n","Requirement already satisfied: six>=1.5 in /usr/local/lib/python3.7/dist-packages (from python-dateutil>=2.1->matplotlib->spatialmath-python) (1.15.0)\n"]}],"source":["!pip install roboticstoolbox-python\n","!pip install spatialmath-python"]},{"cell_type":"code","execution_count":3,"metadata":{"id":"GhTb1eOALjKe","executionInfo":{"status":"ok","timestamp":1652203601939,"user_tz":180,"elapsed":4422,"user":{"displayName":"Leonardo Jose Ribeiro Baptistella","userId":"09035044719228014495"}}},"outputs":[],"source":["import numpy as np\n","#import roboticstoolbox as rtb\n","from roboticstoolbox import *\n","from spatialmath import *\n","from math import pi\n","import matplotlib.pyplot as plt\n","from matplotlib import cm\n","np.set_printoptions(linewidth=100, formatter={'float': lambda x: f\"{x:8.4g}\" if abs(x) > 1e-10 else f\"{0:8.4g}\"})\n","\n","# no Binder utilizar essa linha\n","#%matplotlib notebook  \n","# no Colab utilizar essa linha\n","%matplotlib inline"]},{"cell_type":"markdown","metadata":{"id":"76NHqE5ELmAl"},"source":["## Cinemática Direta do Robô Kinova Gen3\n","\n","O robô Kinova Gen3 pode ser modelado pela seguinte função (ver Tarefa 2):"]},{"cell_type":"code","execution_count":4,"metadata":{"id":"PE8CpE4eMA3K","executionInfo":{"status":"ok","timestamp":1652203604346,"user_tz":180,"elapsed":387,"user":{"displayName":"Leonardo Jose Ribeiro Baptistella","userId":"09035044719228014495"}}},"outputs":[],"source":["def kinova_robot(my_name):\n","  robot = DHRobot(\n","      [\n","       # Colocar seu código aqui para completar a descrição do robô\n","        RevoluteDH(d=-(0.1564+0.1284), alpha=pi/2),\n","            RevoluteDH(d=-(0.0054+0.0064), alpha=pi/2, offset=pi),\n","            RevoluteDH(d=-(0.2104+0.2104), alpha=pi/2, offset=pi),\n","            RevoluteDH(d=-(0.0064+0.0064), alpha=pi/2, offset=pi),\n","            RevoluteDH(d=-(0.2084+0.1059), alpha=pi/2, offset=pi),\n","            RevoluteDH(alpha=pi/2, offset=pi),\n","            RevoluteDH(d=-(0.1059+0.0615), alpha=pi, offset=pi)\n","       ], name=my_name)\n","  H_B0 = SE3.Rz(0)*SE3(0,0,0)*SE3(0,0,0)*SE3.Rx(pi)\n","  robot.base = H_B0\n","  return robot\n"]},{"cell_type":"markdown","metadata":{"id":"gtjvxjQsMJ6P"},"source":["A pose do efetuador do robô Kinova Gen3 é dada em relação a base, $B$, pela função:"]},{"cell_type":"code","execution_count":5,"metadata":{"id":"vRK0cR_TMQFO","executionInfo":{"status":"ok","timestamp":1652203607212,"user_tz":180,"elapsed":250,"user":{"displayName":"Leonardo Jose Ribeiro Baptistella","userId":"09035044719228014495"}}},"outputs":[],"source":["#def pose_efetuador(robot, q):\n","  #H_B0 = SE3.Rz(0)*SE3(0,0,0)*SE3(0,0,0)*SE3.Rx(pi)\n","  #H_07 = robot.fkine(q)\n","  #return H_B0*H_07\n","\n","def pose_efetuador(robot, q):\n","  H_B7 = robot.fkine(q)\n","  return H_B7"]},{"cell_type":"markdown","metadata":{"id":"BodYKE_NMFGv"},"source":["## Tarefa 3 - Trajetória do Robô no Espaço das Juntas\n","\n","De modo geral, existem duas formas de descrever trajetórias para um robô manipulador: especificar trajetórias no espaço de configuração, ou especificar trajetórias no espaço da tarefa. \n","\n","Nesta experiência serão especificadas as trajetórias no espaço de configuração, ou seja, serão especificadas trajetórias para cada junta do robô, e através da cinemática direta serão calculadas a posição e orientação do efetuador para cada configuração do robô.\n","\n","Através de um polinômio de quinta ordem é possível obter uma trajetória suave para junta ao definir a posição, velocidade e aceleração inicial e final no intervalo de tempo da trajetória. \n","\n","**Polinômio de quinta ordem:** Considere que a junta $i$ possui a seguinte trajetória  em graus no tempo que leva a junta $i$ da posição $\\theta_{si}$ até $\\theta_{gi}$ em um intervalo de tempo $T_d$:\n","$$ \\theta_i (t) = c_{0i} + c_{1i} t + c_{2i} t^2 + c_{3i} t^3 + c_{4i} t^4 + c_{5i} t^5 $$\n","Para velocidades e acelerações iniciais e finais iguais a zero, os coeficientes do polinômio são dados em função da posição inicial e final e do intervalo de tempo:\n","\\begin{eqnarray*}\n","\t&c_{0i}& = \\theta_{si}\\\\\n","\t&c_{1i}& = c_{2i} = 0\\\\\n","\t&c_{3i}& = \\frac{10(\\theta_{gi}-\\theta_{si})}{T_d^{3}}\\\\\n","\t&c_{4i}& = \\frac{15(\\theta_{si}-\\theta_{gi})}{T_d^{4}}\\\\\n","\t&c_{5i}& = \\frac{6(\\theta_{gi}-\\theta_{si})}{T_d^{5}}\n","\\end{eqnarray*}\n","\n","A velocidade de cada junta para condições iniciais nulas é dada por:\n","$$ \\dot\\theta_i (t) = c_{1i} + 2c_{2i} t + 3c_{3i} t^2 + 4c_{4i} t^3 + 5c_{5i} t^4 $$\n","\n","A aceleração de cada junta para condições iniciais nulas é dada por:\n","$$ \\ddot\\theta_i (t) = 2c_{2i} + 6c_{3i} t + 12c_{4i} t^2 + 20c_{5i} t^3 $$\n"]},{"cell_type":"markdown","metadata":{"id":"KWBinqDgNDBf"},"source":["### 3.1 **Escreva uma função para calcular a trajetória das juntas do manipulador.** \n","\n","**A função deve ter como entrada:** um vetor $\\theta_s$ com as posições iniciais das $N$ juntas do manipulador, um vetor $\\theta_g$ com as posições finais das $N$ juntas do manipulador, o intervalo de tempo total do movimento $T_d$, o intervalo de tempo entre cada ponto da trajetória $\\delta t$. \n","\n","**A função deve ter como saída:** uma matriz $\\theta$ que descreve a posição de cada junta no tempo, e que possui dimensão $M \\times N$, onde $N$ é o número de juntas do manipulador, $M$ é a quantidade de pontos da trajetória de cada junta ($M = T_d / \\delta t$); uma matriz $d\\theta$ com dimensão $M \\times N$ que descreve a velocidade de cada junta no tempo; uma matriz $dd\\theta$ com dimensão $M \\times N$ que descreve a aceleração de cada junta no tempo. \n","\n","**Observação:** Não utilize a derivada numérica discreta para encontrar a velocidade e aceleração. Calcule a velocidade e aceleração a partir das suas funções analíticas. Também não utilize loop para encontrar os pontos das curvas, ao invés disso, crie um vetor de tempo com $M$ elementos de $0$ a $T_d$, e use esse vetor diretamente no calculo das trajetórias. "]},{"cell_type":"code","execution_count":6,"metadata":{"id":"dDkgxSqhNUP3","executionInfo":{"status":"ok","timestamp":1652203611381,"user_tz":180,"elapsed":299,"user":{"displayName":"Leonardo Jose Ribeiro Baptistella","userId":"09035044719228014495"}}},"outputs":[],"source":["def calcular_trajetoria(theta_s, theta_g, Td, dt):\n","  \n","  t = np.arange(0,Td+dt,dt)\n","  #print(t)\n","\n","  M = t.size\n","  #print(M)\n","\n","  N = theta_s.size\n","  #print(N)\n","\n","  C = np.ones((M,1)) # Matriz de 1s de dimensão NxM\n"," \n","  a1 = ((10*(theta_g - theta_s)/(Td**3)).reshape(N,1))*((t**3).reshape(1,M))\n","  b1 = ((15*(theta_s - theta_g)/(Td**4)).reshape(N,1))*((t**4).reshape(1,M))\n","  c1 = ((6*(theta_g - theta_s)/(Td**5)).reshape(N,1))*((t**5).reshape(1,M))\n","  #print(a1.shape, b1.shape, c1.shape)\n","\n","  a2 = ((30*(theta_g - theta_s)/Td**3).reshape(N,1))*((t**2).reshape(1,M)) \n","  b2 = ((60*(theta_s - theta_g)/Td**4).reshape(N,1))*((t**3).reshape(1,M))\n","  c2 = ((30*(theta_g - theta_s)/Td**5).reshape(N,1))*((t**4).reshape(1,M))\n","  #print(a2.shape, b2.shape, c2.shape)\n","\n","  a3 = np.dot((60*(theta_g - theta_s)/Td**3).reshape(N,1),(t).reshape(1,M)) \n","  b3 = np.dot((180*(theta_s - theta_g)/Td**4).reshape(N,1),(t**2).reshape(1,M))\n","  c3 = np.dot((120*(theta_g - theta_s)/Td**5).reshape(N,1),(t**3).reshape(1,M))\n","  #print(a2.shape, b2.shape, c2.shape)\n","\n","  theta_t = (((theta_s.reshape(N,1))*(C.reshape(1,M))) + a1 + b1 + c1).T \n","  dtheta_t = (a2 + b2 + c2).T \n","  ddtheta_t = (a3 + b3 + c3).T\n","\n","  return theta_t, dtheta_t, ddtheta_t, t\n","\n"]},{"cell_type":"markdown","metadata":{"id":"yuEZmIpRNuCM"},"source":["### 3.2 Escreva uma função para plotar as curvas de posição, velocidade e aceleração em função do tempo para cada junta do robô. \n","\n","O programa deve plotar 3 gráficos em função do tempo, um para a posição, um para velocidade e um para aceleração nas juntas. Em cada um dos três gráficos, sobreponha as curvas para as juntas do robô identificando por cores diferentes cada uma das juntas. Não esqueça de colocar título nas figuras, rótulo para cada um dos eixos com a unidade de medida e significado, e legenda para as cores. \n","\n","**Entrada da função:** As mesmas entradas da função do item 3.1. "]},{"cell_type":"code","source":["def plota_curvas(theta_s, theta_g, Td, dt):\n","\n","  theta_t, dtheta_t, ddtheta_t, t = calcular_trajetoria(theta_s,theta_g,Td,dt)\n","\n","  plt.plot(t,theta_t)\n","  fig = plt.figure('Posição')\n","  plt.plot(t,dtheta_t)\n","  fig = plt.figure('Velocidade')\n","  plt.plot(t,ddtheta_t)\n","  fig = plt.figure('Aceleração')\n","\n","  return theta_t, dtheta_t, ddtheta_t, t\n","\n","# ------------------------------------------------------------------------------\n","# TESTE\n","Td = 10.0\n","dt = 0.01\n","theta_s = np.array([0,0,0,0,0,0,0])\n","theta_g = np.array([-pi/2,pi/2,0,-pi/2,0,pi/2,0])\n","\n","\n"],"metadata":{"id":"pN3RF3k7cTD0","executionInfo":{"status":"ok","timestamp":1652203639498,"user_tz":180,"elapsed":3,"user":{"displayName":"Leonardo Jose Ribeiro Baptistella","userId":"09035044719228014495"}}},"execution_count":9,"outputs":[]},{"cell_type":"markdown","metadata":{"id":"amRIj2OOOKM2"},"source":["### 3.3 Escreva uma função que calcule a cinemática direta do robô Kinova Gen3 para cada ponto da trajetória do robô no espaço das juntas\n","\n","Para cada configuração do robô no tempo, $\\mathbf{q} = [\\theta_1~\\theta_2~\\theta_3~ \\theta_4~ \\theta_5~ \\theta_6~ \\theta_7]^T$, calcular matriz de transformação homogênea que representa a pose do efetuador em relação a base. \n","\n","**Entrada da função:** O modelo cinemático do robô Kinova Gen3 (resultado da Tarefa 2); a matriz $\\theta$ de dimensão $M \\times N$ resultado do item 3.1. \n","\n","**Saída da função:** um vetor `np.array` de matrizes de transformação homogênea (dimensão $M \\times 4 \\times 4$), em que para cada instante de tempo, a matriz de transformação homogênea representa a pose do robô (posição e orientação do efetuador). Consulte a seção 2.5 da tarefa 2."]},{"cell_type":"code","execution_count":10,"metadata":{"id":"d4LVto0AOcWP","executionInfo":{"status":"ok","timestamp":1652203642717,"user_tz":180,"elapsed":3,"user":{"displayName":"Leonardo Jose Ribeiro Baptistella","userId":"09035044719228014495"}}},"outputs":[],"source":["def calcular_traj_efetuador(robot, theta_t):\n","   HH_efetuador = robot.fkine(theta_t)\n","   return HH_efetuador\n","#--------------------------------------------------------------------\n","def kinova_robot(my_name):\n","  robot = DHRobot(\n","      [\n","       # Colocar seu código aqui para completar a descrição do robô\n","       #RevoluteDH(alpha=pi),\n","            RevoluteDH(d=-(0.1564+0.1284), alpha=pi/2),\n","            RevoluteDH(d=-(0.0054+0.0064), alpha=pi/2, offset=pi),\n","            RevoluteDH(d=-(0.2104+0.2104), alpha=pi/2, offset=pi),\n","            RevoluteDH(d=-(0.0064+0.0064), alpha=pi/2, offset=pi),\n","            RevoluteDH(d=-(0.2084+0.1059), alpha=pi/2, offset=pi),\n","            RevoluteDH(alpha=pi/2, offset=pi),\n","            RevoluteDH(d=-(0.1059+0.0615), alpha=pi, offset=pi)\n","       ], name=my_name)\n","  H_B0 = SE3.Rz(0)*SE3(0,0,0)*SE3(0,0,0)*SE3.Rx(pi)\n","  robot.base = H_B0\n","  return robot\n","#--------------------------------------------------------------------\n","\n"]},{"cell_type":"markdown","metadata":{"id":"ZEwoqCdfOc-D"},"source":["### 3.4 Escreva um programa para plotar a curva de posição cartesiana do efetuador em função do tempo. \n","\n","Essa curva 2D deve apresentar curvas em função do tempo de $x_e$,  $y_e$, e  $z_e$ sobrepostas identificas por cores diferentes. \n","\n","**Entrada da função:** um vetor `np.array` de matrizes de transformação homogênea (dimensão $M \\times 4 \\times 4$), em que para cada instante de tempo, a matriz de transformação homogênea representa a pose do robô (posição e orientação do efetuador); o intervalo de tempo entre cada ponto da trajetória $\\delta t$. "]},{"cell_type":"code","execution_count":null,"metadata":{"id":"UOsQbXZtOktw"},"outputs":[],"source":["def plotar_trajetoria_efetuador(HH_efetuador, dt):\n","  # Coloque seu codigo aqui"]},{"cell_type":"markdown","metadata":{"id":"9-wAzmuJ1SWx"},"source":["### 3.5 Escreva um programa para plotar a curva de orientação do efetuador em função do tempo. \n","\n","Essa curva 2D deve apresentar a orientação do efetuador em função do tempo descrita em ângulos de roll, pitch e yaw. Os ângulos de roll, pitch e yaw decem ser mostrados no mesmo gráfico com cores diferentes e claramente identificadas. Para cada instante de tempo, o calculo dos ângulos de roll, pitch e yaw devem ser feitos a partir da matriz de transformação homogênea.\n","\n","**Entrada da função:** um vetor `np.array` de matrizes de transformação homogênea (dimensão $M \\times 4 \\times 4$), em que para cada instante de tempo, a matriz de transformação homogênea representa a pose do robô (posição e orientação do efetuador); o intervalo de tempo entre cada ponto da trajetória $\\delta t$. "]},{"cell_type":"code","execution_count":null,"metadata":{"id":"bFW8hVKn2XLZ"},"outputs":[],"source":["def plotar_orientacao_efetuador(HH_efetuador, dt):\n","  # Coloque seu codigo aqui"]},{"cell_type":"markdown","metadata":{"id":"zGrcgsu8OlI_"},"source":["### 3.6 Teste das funções\n","\n","Faça o teste das funções do item 3.2 a 3.5 para os seguintes parâmetros: $T_d = 10$ segundos, $\\delta t = 0.01$ segundos,  posição inicial das juntas $\\theta_s = [0, 0, 0, 0, 0, 0, 0]^T$  e posição final das juntas $\\theta_g = [90, 90, 0, -90, 0, 90, 0]^T$ dada em graus."]},{"cell_type":"code","execution_count":11,"metadata":{"id":"57dIRjd6Otd-","colab":{"base_uri":"https://localhost:8080/","height":1000},"executionInfo":{"status":"ok","timestamp":1652203648492,"user_tz":180,"elapsed":2440,"user":{"displayName":"Leonardo Jose Ribeiro Baptistella","userId":"09035044719228014495"}},"outputId":"993d749c-e4df-4d57-b612-b777f5fadd74"},"outputs":[{"output_type":"execute_result","data":{"text/plain":["0:\n","   1         0         0         0         \n","   0         1         0        -0.0246    \n","   0         0         1         1.187     \n","   0         0         0         1         \n","1:\n","   1         8.987e-07  8.987e-07  5.065e-07  \n","  -8.987e-07  1        -8.073e-13 -0.0246    \n","  -8.987e-07  0         1         1.187     \n","   0         0         0         1         \n","2:\n","   1         7.178e-06  7.178e-06  4.046e-06  \n","  -7.178e-06  1        -5.153e-11 -0.0246    \n","  -7.178e-06  0         1         1.187     \n","   0         0         0         1         \n","3:\n","   1         2.419e-05  2.419e-05  1.363e-05  \n","  -2.419e-05  1        -5.852e-10 -0.0246    \n","  -2.419e-05  0         1         1.187     \n","   0         0         0         1         \n","4:\n","   1         5.725e-05  5.725e-05  3.227e-05  \n","  -5.725e-05  1        -3.278e-09 -0.0246    \n","  -5.725e-05  0         1         1.187     \n","   0         0         0         1         \n","5:\n","   1         0.0001117  0.0001117  6.293e-05  \n","  -0.0001117  1        -1.247e-08 -0.0246    \n","  -0.0001117  0         1         1.187     \n","   0         0         0         1         \n","6:\n","   1         0.0001927  0.0001927  0.0001086  \n","  -0.0001927  1        -3.712e-08 -0.0246    \n","  -0.0001927  0         1         1.187     \n","   0         0         0         1         \n","7:\n","   1         0.0003055  0.0003055  0.0001722  \n","  -0.0003055  1        -9.331e-08 -0.0246    \n","  -0.0003055  0         1         1.187     \n","   0         0         0         1         \n","8:\n","   1         0.0004553  0.0004553  0.0002566  \n","  -0.0004553  1        -2.073e-07 -0.0246    \n","  -0.0004553  0         1         1.187     \n","   0         0         0         1         \n","9:\n","   1         0.0006473  0.0006473  0.0003648  \n","  -0.0006473  1        -4.19e-07 -0.0246    \n","  -0.0006473  0         1         1.187     \n","   0         0         0         1         \n","10:\n","   1         0.0008866  0.0008866  0.0004997  \n","  -0.0008866  1        -7.86e-07 -0.0246    \n","  -0.0008866  0         1         1.187     \n","   0         0         0         1         \n","11:\n","   1         0.001178  0.001178  0.000664  \n","  -0.001178  1        -1.388e-06 -0.0246    \n","  -0.001178  0         1         1.187     \n","   0         0         0         1         \n","12:\n","   1         0.001527  0.001527  0.0008608  \n","  -0.001527  1        -2.333e-06 -0.0246    \n","  -0.001527  0         1         1.187     \n","   0         0         0         1         \n","13:\n","   1         0.001939  0.001939  0.001093  \n","  -0.001939  1        -3.759e-06 -0.0246    \n","  -0.001939  0         1         1.187     \n","   0         0         0         1         \n","14:\n","   1         0.002418  0.002418  0.001363  \n","  -0.002418  1        -5.847e-06 -0.0246    \n","  -0.002418  0         1         1.187     \n","   0         0         0         1         \n","15:\n","   1         0.00297   0.00297   0.001674  \n","  -0.00297   1        -8.818e-06 -0.02461   \n","  -0.00297   0         1         1.187     \n","   0         0         0         1         \n","16:\n","   1         0.003598  0.003598  0.002028  \n","  -0.003598  1        -1.295e-05 -0.02461   \n","  -0.003598  0         1         1.187     \n","   0         0         0         1         \n","17:\n","   1         0.00431   0.00431   0.002429  \n","  -0.00431   1        -1.857e-05 -0.02461   \n","  -0.00431   0         1         1.187     \n","   0         0         0         1         \n","18:\n","   1         0.005108  0.005108  0.002879  \n","  -0.005108  1        -2.609e-05 -0.02462   \n","  -0.005108  0         1         1.187     \n","   0         0         0         1         \n","19:\n","   1         0.005998  0.005998  0.003381  \n","  -0.005998  1        -3.598e-05 -0.02462   \n","  -0.005998  0         1         1.187     \n","   0         0         0         1         \n","20:\n","   1         0.006986  0.006986  0.003937  \n","  -0.006986  1        -4.88e-05 -0.02463   \n","  -0.006986  0         1         1.187     \n","   0         0         0         1         \n","21:\n","   0.9999    0.008074  0.008074  0.004551  \n","  -0.008074  1        -6.52e-05 -0.02464   \n","  -0.008074  0         1         1.187     \n","   0         0         0         1         \n","22:\n","   0.9999    0.00927   0.009269  0.005224  \n","  -0.009269  1        -8.593e-05 -0.02465   \n","  -0.00927   0         1         1.187     \n","   0         0         0         1         \n","23:\n","   0.9999    0.01058   0.01058   0.00596   \n","  -0.01058   0.9999   -0.0001118 -0.02466   \n","  -0.01058   0         0.9999    1.187     \n","   0         0         0         1         \n","24:\n","   0.9999    0.012     0.012     0.006761  \n","  -0.012     0.9999   -0.0001439 -0.02468   \n","  -0.012     0         0.9999    1.187     \n","   0         0         0         1         \n","25:\n","   0.9998    0.01354   0.01354   0.00763   \n","  -0.01354   0.9999   -0.0001833 -0.02471   \n","  -0.01354   0         0.9999    1.187     \n","   0         0         0         1         \n","26:\n","   0.9998    0.01521   0.01521   0.00857   \n","  -0.01521   0.9999   -0.0002313 -0.02473   \n","  -0.01521   0         0.9999    1.187     \n","   0         0         0         1         \n","27:\n","   0.9997    0.017     0.017     0.009582  \n","  -0.017     0.9999   -0.0002891 -0.02477   \n","  -0.017     0         0.9999    1.187     \n","   0         0         0         1         \n","28:\n","   0.9996    0.01894   0.01893   0.01067   \n","  -0.01893   0.9998   -0.0003585 -0.02481   \n","  -0.01894   0         0.9998    1.187     \n","   0         0         0         1         \n","29:\n","   0.9996    0.021     0.021     0.01184   \n","  -0.021     0.9998   -0.0004412 -0.02485   \n","  -0.021     0         0.9998    1.187     \n","   0         0         0         1         \n","30:\n","   0.9995    0.02322   0.02321   0.01308   \n","  -0.02321   0.9997   -0.0005391 -0.02491   \n","  -0.02322   0         0.9997    1.187     \n","   0         0         0         1         \n","31:\n","   0.9993    0.02558   0.02557   0.01441   \n","  -0.02557   0.9997   -0.0006542 -0.02498   \n","  -0.02558   0         0.9997    1.187     \n","   0         0         0         1         \n","32:\n","   0.9992    0.02809   0.02808   0.01583   \n","  -0.02808   0.9996   -0.0007891 -0.02505   \n","  -0.02809   0         0.9996    1.187     \n","   0         0         0         1         \n","33:\n","   0.9991    0.03076   0.03074   0.01733   \n","  -0.03074   0.9995   -0.0009461 -0.02514   \n","  -0.03076   0         0.9995    1.187     \n","   0         0         0         1         \n","34:\n","   0.9989    0.03359   0.03357   0.01892   \n","  -0.03357   0.9994   -0.001128 -0.02525   \n","  -0.03359   0         0.9994    1.187     \n","   0         0         0         1         \n","35:\n","   0.9987    0.03658   0.03656   0.0206    \n","  -0.03656   0.9993   -0.001338 -0.02537   \n","  -0.03658   0         0.9993    1.187     \n","   0         0         0         1         \n","36:\n","   0.9984    0.03975   0.03971   0.02238   \n","  -0.03971   0.9992   -0.00158  -0.02551   \n","  -0.03975   0         0.9992    1.187     \n","   0         0         0         1         \n","37:\n","   0.9981    0.04308   0.04304   0.02426   \n","  -0.04304   0.9991   -0.001856 -0.02567   \n","  -0.04308   0         0.9991    1.187     \n","   0         0         0         1         \n","38:\n","   0.9978    0.0466    0.04655   0.02623   \n","  -0.04655   0.9989   -0.002171 -0.02585   \n","  -0.0466    0         0.9989    1.187     \n","   0         0         0         1         \n","39:\n","   0.9975    0.05029   0.05023   0.02831   \n","  -0.05023   0.9987   -0.002529 -0.02606   \n","  -0.05029   0         0.9987    1.187     \n","   0         0         0         1         \n","40:\n","   0.9971    0.05417   0.05409   0.03048   \n","  -0.05409   0.9985   -0.002935 -0.02629   \n","  -0.05417   0         0.9985    1.186     \n","   0         0         0         1         \n","41:\n","   0.9966    0.05824   0.05814   0.03277   \n","  -0.05814   0.9983   -0.003392 -0.02655   \n","  -0.05824   0         0.9983    1.186     \n","   0         0         0         1         \n","42:\n","   0.9961    0.06251   0.06239   0.03516   \n","  -0.06239   0.998    -0.003907 -0.02685   \n","  -0.06251   0         0.998     1.186     \n","   0         0         0         1         \n","43:\n","   0.9955    0.06697   0.06682   0.03766   \n","  -0.06682   0.9978   -0.004485 -0.02718   \n","  -0.06697   0         0.9978    1.186     \n","   0         0         0         1         \n","44:\n","   0.9949    0.07163   0.07145   0.04026   \n","  -0.07145   0.9974   -0.005131 -0.02756   \n","  -0.07163   0         0.9974    1.186     \n","   0         0         0         1         \n","45:\n","   0.9941    0.0765    0.07628   0.04298   \n","  -0.07628   0.9971   -0.005852 -0.02797   \n","  -0.0765    0         0.9971    1.186     \n","   0         0         0         1         \n","46:\n","   0.9933    0.08158   0.08131   0.04582   \n","  -0.08131   0.9967   -0.006655 -0.02843   \n","  -0.08158   0         0.9967    1.185     \n","   0         0         0         1         \n","47:\n","   0.9925    0.08687   0.08654   0.04877   \n","  -0.08654   0.9962   -0.007546 -0.02895   \n","  -0.08687   0         0.9962    1.185     \n","   0         0         0         1         \n","48:\n","   0.9915    0.09237   0.09198   0.05183   \n","  -0.09198   0.9957   -0.008533 -0.02951   \n","  -0.09237   0         0.9957    1.185     \n","   0         0         0         1         \n","49:\n","   0.9904    0.0981    0.09762   0.05501   \n","  -0.09762   0.9952   -0.009623 -0.03014   \n","  -0.0981    0         0.9952    1.184     \n","   0         0         0         1         \n","50:\n","   0.9892    0.104     0.1035    0.05831   \n","  -0.1035    0.9946   -0.01082  -0.03083   \n","  -0.104     0         0.9946    1.184     \n","   0         0         0         1         \n","51:\n","   0.9879    0.1102    0.1095    0.06172   \n","  -0.1095    0.9939   -0.01215  -0.0316    \n","  -0.1102    0         0.9939    1.184     \n","   0         0         0         1         \n","52:\n","   0.9864    0.1166    0.1158    0.06526   \n","  -0.1158    0.9932   -0.0136   -0.03243   \n","  -0.1166    0         0.9932    1.183     \n","   0         0         0         1         \n","53:\n","   0.9848    0.1232    0.1223    0.06891   \n","  -0.1223    0.9924   -0.01519  -0.03335   \n","  -0.1232    0         0.9924    1.183     \n","   0         0         0         1         \n","54:\n","   0.9831    0.1301    0.129     0.07268   \n","  -0.129     0.9915   -0.01693  -0.03435   \n","  -0.1301    0         0.9915    1.182     \n","   0         0         0         1         \n","55:\n","   0.9812    0.1372    0.1359    0.07657   \n","  -0.1359    0.9905   -0.01883  -0.03544   \n","  -0.1372    0         0.9905    1.182     \n","   0         0         0         1         \n","56:\n","   0.9791    0.1446    0.143     0.08058   \n","  -0.143     0.9895   -0.0209   -0.03663   \n","  -0.1446    0         0.9895    1.181     \n","   0         0         0         1         \n","57:\n","   0.9768    0.1522    0.1504    0.08471   \n","  -0.1504    0.9884   -0.02315  -0.03793   \n","  -0.1522    0         0.9884    1.18      \n","   0         0         0         1         \n","58:\n","   0.9744    0.16      0.1579    0.08896   \n","  -0.1579    0.9871   -0.0256   -0.03934   \n","  -0.16      0         0.9871    1.18      \n","   0         0         0         1         \n","59:\n","   0.9718    0.1681    0.1657    0.09332   \n","  -0.1657    0.9858   -0.02825  -0.04086   \n","  -0.1681    0         0.9858    1.179     \n","   0         0         0         1         \n","60:\n","   0.9689    0.1764    0.1736    0.09779   \n","  -0.1736    0.9843   -0.03112  -0.04252   \n","  -0.1764    0         0.9843    1.178     \n","   0         0         0         1         \n","61:\n","   0.9658    0.185     0.1818    0.1024    \n","  -0.1818    0.9827   -0.03422  -0.0443    \n","  -0.185     0         0.9827    1.177     \n","   0         0         0         1         \n","62:\n","   0.9624    0.1938    0.1901    0.1071    \n","  -0.1901    0.981    -0.03756  -0.04623   \n","  -0.1938    0         0.981     1.176     \n","   0         0         0         1         \n","63:\n","   0.9588    0.2029    0.1987    0.1119    \n","  -0.1987    0.9792   -0.04117  -0.0483    \n","  -0.2029    0         0.9792    1.175     \n","   0         0         0         1         \n","64:\n","   0.955     0.2122    0.2074    0.1168    \n","  -0.2074    0.9772   -0.04504  -0.05053   \n","  -0.2122    0         0.9772    1.174     \n","   0         0         0         1         \n","65:\n","   0.9508    0.2218    0.2163    0.1218    \n","  -0.2163    0.9751   -0.04921  -0.05293   \n","  -0.2218    0         0.9751    1.173     \n","   0         0         0         1         \n","66:\n","   0.9463    0.2317    0.2254    0.1269    \n","  -0.2254    0.9728   -0.05368  -0.0555    \n","  -0.2317    0         0.9728    1.171     \n","   0         0         0    